function [ I, m, rc, r ] = DynamicParameters( d, a )
% 该函数定义了机器人动力学所需用到的参数
% 其中质量矩阵m为一个6*1的列向量，定义密度，使得机械臂的质量为25kg
density=1.3871516;
m=[3.067; 3.909; 2.944; 1.328; 0.547; 0.014]*density;
% 机械臂惯性张量
I1=[14217713.24,0,0;0,10453355.13,0;0,0,14404336.47];
I2=[25955413.92,0,0;0,60312778.06,0;0,0,41570091.24];
I3=[12698239.12,0,1429158.47;0,16712606.42,0;1429158.47,0,8355860.66];
I4=[5253537.57,0,0;0,2846626.17,0;0,0,4013486.27];
I5=[815473.61,0,0;0,892831.51,0;0,0,404892.09];
I6=[1694.27,0,0;0,1657.70,0;0,0,2976.81];
I(1:3,1:3,1)=I1*1e-9;
I(1:3,1:3,2)=I2*1e-9;
I(1:3,1:3,3)=I3*1e-9;
I(1:3,1:3,4)=I4*1e-9;
I(1:3,1:3,5)=I5*1e-9;
I(1:3,1:3,6)=I6*1e-9;
% 规定坐标系i的原点到质心Ci的向量
rc=[0, -168.76, -12.09, 0, 0, 0 ; -51.59, 0, 0, -77.3, 0, 0 ; 0, 0, 22.81, 0, -1.1, -7.06]*1e-3;
% 规定坐标系i-1的原点到坐标系i的向量
r=[0, a(2), a(3), 0, 0, 0 ; d(1), 0, 0, d(4), 0, 0 ; 0, 0, 0, 0, 0, d(6)];

end

